period,product_id,fixed_cost,purchase_cost,holding_cost,stockout_cost,outdating_cost
0,0,0.0,0.0,0.0,4852.574903352483,0.0
1,0,0.0,0.0,0.0,13223.285605464715,0.0
2,0,0.0,0.0,0.0,133588.90579452377,0.0
3,0,0.0,0.0,0.0,89210.34693166049,0.0
4,0,0.0,0.0,0.0,105507.49504587438,0.0
5,0,0.0,0.0,0.0,176312.35062713348,0.0
6,0,0.0,0.0,0.0,194730.2083699675,0.0
7,0,0.0,0.0,0.0,42648.42363087797,0.0
8,0,0.0,0.0,0.0,130380.97410455938,0.0
9,0,0.0,0.0,0.0,51777.042017070395,0.0
10,0,0.0,0.0,0.0,4060.6031294441004,0.0
11,0,0.0,0.0,0.0,149119.88837059317,0.0
12,0,0.0,0.0,0.0,62924.92749622205,0.0
13,0,0.0,0.0,0.0,75400.45174507429,0.0
14,0,0.0,0.0,0.0,115680.71154937665,0.0
15,0,0.0,0.0,0.0,163408.94123076217,0.0
16,0,0.0,0.0,0.0,123676.61171500674,0.0
17,0,0.0,0.0,0.0,171589.1760251956,0.0
18,0,0.0,0.0,0.0,53786.531952132056,0.0
19,0,0.0,0.0,0.0,156919.8370570956,0.0
20,0,0.0,0.0,0.0,36501.569700634456,0.0
21,0,0.0,0.0,0.0,187347.28991829898,0.0
22,0,0.0,0.0,0.0,135180.72339255616,0.0
23,0,0.0,0.0,0.0,42375.244334241535,0.0
24,0,0.0,0.0,0.0,186281.346375837,0.0
25,0,0.0,0.0,0.0,143708.07481102116,0.0
26,0,0.0,0.0,0.0,49932.50957798872,0.0
27,0,0.0,0.0,0.0,41943.50420103228,0.0
28,0,0.0,0.0,0.0,101893.73372262446,0.0
29,0,0.0,0.0,0.0,5046.0566528611635,0.0
30,0,0.0,0.0,0.0,40794.81184434992,0.0
31,0,0.0,0.0,0.0,83505.84417493478,0.0
32,0,0.0,0.0,0.0,73572.99077028388,0.0
33,0,0.0,0.0,0.0,91152.77069437013,0.0
34,0,0.0,0.0,0.0,54590.09359206946,0.0
35,0,0.0,0.0,0.0,115379.3237703121,0.0
36,0,0.0,0.0,0.0,169859.80667042403,0.0
37,0,0.0,0.0,0.0,23110.272358527945,0.0
38,0,0.0,0.0,0.0,101732.1812973501,0.0
39,0,0.0,0.0,0.0,25968.533233215254,0.0
40,0,0.0,0.0,0.0,140956.01860111873,0.0
41,0,0.0,0.0,0.0,77877.16383097826,0.0
42,0,0.0,0.0,0.0,111178.7132723184,0.0
43,0,0.0,0.0,0.0,36038.288496882175,0.0
44,0,0.0,0.0,0.0,28481.3946104051,0.0
45,0,0.0,0.0,0.0,95966.43803303028,0.0
46,0,0.0,0.0,0.0,69924.08278253578,0.0
47,0,0.0,0.0,0.0,184917.00153593658,0.0
48,0,0.0,0.0,0.0,150485.79734886487,0.0
49,0,0.0,0.0,0.0,147209.6226001627,0.0
50,0,0.0,0.0,0.0,177698.28571458254,0.0
51,0,0.0,0.0,0.0,16403.341784201442,0.0
52,0,0.0,0.0,0.0,108577.5279372549,0.0
53,0,0.0,0.0,0.0,114925.44748866167,0.0
54,0,0.0,0.0,0.0,189145.4152394545,0.0
55,0,0.0,0.0,0.0,57444.9272308535,0.0
56,0,0.0,0.0,0.0,47354.129227873746,0.0
57,0,0.0,0.0,0.0,19720.783805327374,0.0
58,0,0.0,0.0,0.0,3230.5557629529235,0.0
59,0,0.0,0.0,0.0,182773.21923039542,0.0
60,0,0.0,0.0,0.0,131725.59662634457,0.0
61,0,0.0,0.0,0.0,154384.50700385045,0.0
62,0,0.0,0.0,0.0,55396.55119267306,0.0
63,0,0.0,0.0,0.0,115305.748755924,0.0
64,0,0.0,0.0,0.0,12575.515010121699,0.0
65,0,0.0,0.0,0.0,95488.88609818008,0.0
66,0,0.0,0.0,0.0,192204.73227215017,0.0
67,0,0.0,0.0,0.0,172347.10349071867,0.0
68,0,0.0,0.0,0.0,66492.14728599484,0.0
69,0,0.0,0.0,0.0,189073.4046645563,0.0
70,0,0.0,0.0,0.0,45559.45832586185,0.0
71,0,0.0,0.0,0.0,186664.42694643134,0.0
72,0,0.0,0.0,0.0,185102.9660847087,0.0
73,0,0.0,0.0,0.0,157147.0926939193,0.0
74,0,0.0,0.0,0.0,123964.88943023358,0.0
75,0,0.0,0.0,0.0,171911.12029246814,0.0
76,0,0.0,0.0,0.0,57616.537458032246,0.0
77,0,0.0,0.0,0.0,166927.65224975516,0.0
78,0,0.0,0.0,0.0,121493.00729848891,0.0
79,0,0.0,0.0,0.0,2602.761485176238,0.0
80,0,0.0,0.0,0.0,68276.4779449721,0.0
81,0,0.0,0.0,0.0,29128.91671722468,0.0
82,0,0.0,0.0,0.0,193056.97525645222,0.0
83,0,0.0,0.0,0.0,94061.88640038151,0.0
84,0,0.0,0.0,0.0,97801.9944581446,0.0
85,0,0.0,0.0,0.0,125739.39123825004,0.0
86,0,0.0,0.0,0.0,72474.73942356398,0.0
87,0,0.0,0.0,0.0,26918.681226583216,0.0
88,0,0.0,0.0,0.0,161652.89460784217,0.0
89,0,0.0,0.0,0.0,37329.76829862918,0.0
90,0,0.0,0.0,0.0,100540.57984544382,0.0
91,0,0.0,0.0,0.0,44107.42595553541,0.0
92,0,0.0,0.0,0.0,19239.14726716594,0.0
93,0,0.0,0.0,0.0,169532.5971816886,0.0
94,0,0.0,0.0,0.0,191305.02271237542,0.0
95,0,0.0,0.0,0.0,188928.784095114,0.0
96,0,0.0,0.0,0.0,178255.88070259462,0.0
97,0,0.0,0.0,0.0,152200.81849840118,0.0
98,0,0.0,0.0,0.0,65506.284532698795,0.0
99,0,0.0,0.0,0.0,15946.954942013785,0.0
