period,product_id,fixed_cost,purchase_cost,holding_cost,stockout_cost,outdating_cost
0,0,0.0,291.80195953319844,0.0,47929.14643340015,0.0
1,0,0.0,291.80195953319844,0.0,111812.5602422839,0.0
2,0,0.0,291.80195953319844,0.0,115085.69435437204,0.0
3,0,0.0,291.80195953319844,0.0,111375.36633924034,0.0
4,0,0.0,291.80195953319844,0.0,42860.13330835209,0.0
5,0,0.0,291.80195953319844,0.0,185790.02351178,0.0
6,0,0.0,291.80195953319844,0.0,86935.05120663888,0.0
7,0,0.0,291.80195953319844,0.0,165342.1019991611,0.0
8,0,0.0,291.80195953319844,0.0,136555.36253188434,0.0
9,0,0.0,291.80195953319844,0.0,57501.836643699025,0.0
10,0,0.0,291.80195953319844,0.0,158635.50244603984,0.0
11,0,0.0,291.80195953319844,0.0,76981.7189292393,0.0
12,0,0.0,291.80195953319844,0.0,172064.54819179483,0.0
13,0,0.0,291.80195953319844,0.0,113312.45414645794,0.0
14,0,0.0,291.80195953319844,0.0,172392.3512733722,0.0
15,0,0.0,291.80195953319844,0.0,135189.24015733812,0.0
16,0,0.0,291.80195953319844,0.0,141623.4980531941,0.0
17,0,0.0,291.80195953319844,0.0,97592.19362799315,0.0
18,0,0.0,291.80195953319844,0.0,187011.44174301685,0.0
19,0,0.0,291.80195953319844,0.0,125644.55328091887,0.0
20,0,0.0,291.80195953319844,0.0,82359.40946981142,0.0
21,0,0.0,291.80195953319844,0.0,118102.13966063244,0.0
22,0,0.0,291.80195953319844,0.0,2790.806593518393,0.0
23,0,0.0,291.80195953319844,0.0,57370.05487957623,0.0
24,0,0.0,291.80195953319844,0.0,127491.10791471846,0.0
25,0,0.0,291.80195953319844,0.0,55034.14603711927,0.0
26,0,0.0,291.80195953319844,0.0,119103.7438481977,0.0
27,0,0.0,291.80195953319844,0.0,82124.23981820839,0.0
28,0,0.0,291.80195953319844,0.0,24313.694519049848,0.0
29,0,0.0,291.80195953319844,0.0,55609.89335976332,0.0
30,0,0.0,291.80195953319844,0.0,108634.16472562625,0.0
31,0,0.0,291.80195953319844,0.0,112882.84435296255,0.0
32,0,0.0,291.80195953319844,0.0,109807.79229320254,0.0
33,0,0.0,291.80195953319844,0.0,125463.23039377743,0.0
34,0,0.0,291.80195953319844,0.0,125548.65787687051,0.0
35,0,0.0,291.80195953319844,0.0,82454.51024485222,0.0
36,0,0.0,291.80195953319844,0.0,173777.7433772238,0.0
37,0,0.0,291.80195953319844,0.0,70543.27992756765,0.0
38,0,0.0,291.80195953319844,0.0,83713.28718894256,0.0
39,0,0.0,291.80195953319844,0.0,173261.88357865292,0.0
40,0,0.0,291.80195953319844,0.0,157175.56871172015,0.0
41,0,0.0,291.80195953319844,0.0,137422.36418951108,0.0
42,0,0.0,291.80195953319844,0.0,18724.449500338338,0.0
43,0,0.0,291.80195953319844,0.0,179028.51480892792,0.0
44,0,0.0,291.80195953319844,0.0,139458.0172867435,0.0
45,0,0.0,291.80195953319844,0.0,195419.9975529238,0.0
46,0,0.0,291.80195953319844,0.0,28402.849891626185,0.0
47,0,0.0,291.80195953319844,0.0,169027.0663333037,0.0
48,0,0.0,291.80195953319844,0.0,30967.813663136763,0.0
49,0,0.0,291.80195953319844,0.0,119390.60184849895,0.0
50,0,0.0,291.80195953319844,0.0,22927.141507689998,0.0
51,0,0.0,291.80195953319844,0.0,164584.49263203074,0.0
52,0,0.0,291.80195953319844,0.0,157268.05515296114,0.0
53,0,0.0,291.80195953319844,0.0,110919.0491405265,0.0
54,0,0.0,291.80195953319844,0.0,79081.24534293168,0.0
55,0,0.0,291.80195953319844,0.0,12434.64196688507,0.0
56,0,0.0,291.80195953319844,0.0,135122.52089183702,0.0
57,0,0.0,291.80195953319844,0.0,87555.43703879688,0.0
58,0,0.0,291.80195953319844,0.0,140261.74526122338,0.0
59,0,0.0,291.80195953319844,0.0,169077.31686237833,0.0
60,0,0.0,291.80195953319844,0.0,190833.50745069905,0.0
61,0,0.0,291.80195953319844,0.0,167293.3419224721,0.0
62,0,0.0,291.80195953319844,0.0,1320.1894319069054,0.0
63,0,0.0,291.80195953319844,0.0,68839.17113483271,0.0
64,0,0.0,291.80195953319844,0.0,141319.35179049565,0.0
65,0,0.0,291.80195953319844,0.0,31981.15934986106,0.0
66,0,0.0,291.80195953319844,0.0,100039.32069189631,0.0
67,0,0.0,291.80195953319844,0.0,8313.801146798725,0.0
68,0,0.0,291.80195953319844,0.0,36078.314178406865,0.0
69,0,0.0,291.80195953319844,14.791834607160725,0.0,0.0
70,0,0.0,291.80195953319844,0.0,151281.06732269892,0.0
71,0,0.0,291.80195953319844,0.0,39824.1765957343,0.0
72,0,0.0,291.80195953319844,0.0,63157.50263364691,0.0
73,0,0.0,291.80195953319844,0.0,177435.4599137042,0.0
74,0,0.0,291.80195953319844,0.0,134297.6060375237,0.0
75,0,0.0,291.80195953319844,0.0,2451.124955568145,0.0
76,0,0.0,291.80195953319844,0.0,27653.88514976809,0.0
77,0,0.0,291.80195953319844,0.0,116811.99578825738,0.0
78,0,0.0,291.80195953319844,0.0,108350.02409345987,0.0
79,0,0.0,291.80195953319844,0.0,41778.33422726811,0.0
80,0,0.0,291.80195953319844,0.0,178180.48856247132,0.0
81,0,0.0,291.80195953319844,0.0,116063.95534976922,0.0
82,0,0.0,291.80195953319844,0.0,100885.40956960342,0.0
83,0,0.0,291.80195953319844,0.0,111627.9872817625,0.0
84,0,0.0,291.80195953319844,0.0,139374.6534961826,0.0
85,0,0.0,291.80195953319844,0.0,57601.050550554406,0.0
86,0,0.0,291.80195953319844,0.0,74195.72916436243,0.0
87,0,0.0,291.80195953319844,0.0,36954.99669174719,0.0
88,0,0.0,291.80195953319844,0.0,31734.02056356074,0.0
89,0,0.0,291.80195953319844,0.0,180197.68830203873,0.0
90,0,0.0,291.80195953319844,0.0,140797.41561569352,0.0
91,0,0.0,291.80195953319844,0.0,92289.52164154747,0.0
92,0,0.0,291.80195953319844,0.0,40548.42045198164,0.0
93,0,0.0,291.80195953319844,0.0,45310.00915172815,0.0
94,0,0.0,291.80195953319844,0.0,6223.186957520509,0.0
95,0,0.0,291.80195953319844,0.0,79363.15483041653,0.0
96,0,0.0,291.80195953319844,0.0,55123.29871901969,0.0
97,0,0.0,291.80195953319844,0.0,130366.7752370567,0.0
98,0,0.0,291.80195953319844,0.0,68108.21378824417,0.0
99,0,0.0,291.80195953319844,0.0,28905.992142319486,0.0
