period,product_id,fixed_cost,purchase_cost,holding_cost,stockout_cost,outdating_cost
0,0,0.0,526.7613523795259,0.0,81528.40114528942,0.0
1,0,0.0,247.24660122547274,0.0,125227.28624312863,0.0
2,0,0.0,376.946335687615,0.0,84267.92934838316,0.0
3,0,0.0,255.3776114262427,0.0,173574.41745963003,0.0
4,0,0.0,520.4422181740227,0.0,187710.09083341502,0.0
5,0,0.0,526.7613523795259,0.0,73621.269436347,0.0
6,0,0.0,223.77797311949544,0.0,153902.00058189235,0.0
7,0,0.0,462.05383504803535,0.0,102221.751266447,0.0
8,0,0.0,308.6651479421025,0.0,109919.73975411373,0.0
9,0,0.0,331.5130320587702,0.0,180225.1545608816,0.0
10,0,0.0,526.7613523795259,0.0,12193.027515840151,0.0
11,0,0.0,41.45692195931549,0.0,15357.439336250336,0.0
12,0,0.0,50.84900077132976,0.0,2200.75800628784,0.0
13,0,0.0,11.79953598341612,0.0,161943.14083987763,0.0
14,0,0.0,485.92020495423463,0.0,151234.07018539342,0.0
15,0,0.0,454.1353295023069,0.0,169295.58407673772,0.0
16,0,0.0,507.74249935221866,0.0,190650.80477238554,0.0
17,0,0.0,526.7613523795259,0.0,155363.65378336853,0.0
18,0,0.0,466.3920700323547,0.0,88965.83964764592,0.0
19,0,0.0,269.3211643790725,0.0,151700.55984668937,0.0
20,0,0.0,455.51988622644194,0.0,21481.501127648135,0.0
21,0,0.0,69.02541846243749,0.0,124052.79805195762,0.0
22,0,0.0,373.4604159397142,0.0,26412.75415594244,0.0
23,0,0.0,83.66154034297107,0.0,183975.3340587076,0.0
24,0,0.0,526.7613523795259,0.0,100836.17968916222,0.0
25,0,0.0,304.55272573156384,0.0,79760.13647251716,0.0
26,0,0.0,241.99833326614464,0.0,50244.75026690687,0.0
27,0,0.0,154.3956920352698,0.0,150462.67914963164,0.0
28,0,0.0,451.8458154270444,0.0,87917.99321878178,0.0
29,0,0.0,266.21112156501664,0.0,109996.3050176597,0.0
30,0,0.0,331.7402802901311,0.0,1919.8531777024557,0.0
31,0,0.0,10.965801173132318,0.0,119670.79854303718,0.0
32,0,0.0,360.454496648004,0.0,118581.51348865581,0.0
33,0,0.0,357.2214626245837,0.0,119532.86265684915,0.0
34,0,0.0,360.0450983814044,0.0,183794.26970669033,0.0
35,0,0.0,526.7613523795259,0.0,132291.44716629508,0.0
36,0,0.0,397.9129986558159,0.0,68915.20543521999,0.0
37,0,0.0,209.81021971019405,0.0,84158.74915121775,0.0
38,0,0.0,255.05356099454016,0.0,135400.3415918899,0.0
39,0,0.0,407.1403000061291,0.0,10067.343394618658,0.0
40,0,0.0,35.14782127046397,0.0,129331.46312234033,0.0
41,0,0.0,389.12766823712076,0.0,130092.64762449809,0.0
42,0,0.0,391.3868889834971,0.0,39592.710838393774,0.0
43,0,0.0,122.78008714591911,0.0,23575.97718340151,0.0
44,0,0.0,75.24189258209324,0.0,60247.84976806682,0.0
45,0,0.0,184.08522178400443,0.0,69741.61524655472,0.0
46,0,0.0,212.26303132877513,0.0,110342.9283717176,0.0
47,0,0.0,332.7690698548771,0.0,84467.3714476794,0.0
48,0,0.0,255.9695621650632,0.0,192569.02654891266,0.0
49,0,0.0,526.7613523795259,0.0,18290.27418199892,0.0
50,0,0.0,59.553751472937996,0.0,39296.62461650256,0.0
51,0,0.0,121.9012934588214,0.0,29943.485236763227,0.0
52,0,0.0,94.14086682039488,0.0,126645.81581557968,0.0
53,0,0.0,381.1565783164984,0.0,48029.90964551212,0.0
54,0,0.0,147.821971908825,0.0,89915.83923716939,0.0
55,0,0.0,272.14079454182075,0.0,46286.587236504194,0.0
56,0,0.0,142.6477334122595,0.0,29483.384295340024,0.0
57,0,0.0,92.77527202787864,0.0,19928.265883745567,0.0
58,0,0.0,64.41536495099535,0.0,127279.2125042177,0.0
59,0,0.0,383.0365206111729,0.0,25396.111701318794,0.0
60,0,0.0,80.64411195521222,0.0,36879.179566536346,0.0
61,0,0.0,114.72623669580707,0.0,70727.59596009704,0.0
62,0,0.0,215.18945465616468,0.0,159657.0010249682,0.0
63,0,0.0,479.1348664662341,0.0,17318.22759694294,0.0
64,0,0.0,56.66868509917764,0.0,162990.20702464288,0.0
65,0,0.0,489.0279319780314,0.0,17121.033822556605,0.0
66,0,0.0,56.083407462957986,0.0,190226.30504743994,0.0
67,0,0.0,526.7613523795259,0.0,90376.03742226702,0.0
68,0,0.0,273.50667795677487,0.0,190285.61317043105,0.0
69,0,0.0,526.7613523795259,0.0,117155.90709377441,0.0
70,0,0.0,352.9902157529606,0.0,143586.51131647197,0.0
71,0,0.0,431.4371221599013,0.0,5930.707448841401,0.0
72,0,0.0,22.8701491391813,0.0,53833.51075112911,0.0
73,0,0.0,165.0472516988565,0.0,21859.450330880223,0.0
74,0,0.0,70.1471841823094,0.0,56455.222869039724,0.0
75,0,0.0,172.82857986702072,0.0,21570.63208345601,0.0
76,0,0.0,69.28996208351057,0.0,60750.2053318664,0.0
77,0,0.0,185.5762296915175,0.0,79681.69187953671,0.0
78,0,0.0,241.76550712294264,0.0,10838.530565304867,0.0
79,0,0.0,37.436730267448,0.0,134385.9130917993,0.0
80,0,0.0,404.12944270855724,0.0,109635.9818491925,0.0
81,0,0.0,330.6708292236769,0.0,50408.71574527806,0.0
82,0,0.0,154.88234699129634,0.0,101111.40874034465,0.0
83,0,0.0,305.36961464702955,0.0,16696.72681136046,0.0
84,0,0.0,54.82405023772554,0.0,111473.49601948536,0.0
85,0,0.0,336.1246319791434,0.0,180952.59838408683,0.0
86,0,0.0,526.7613523795259,0.0,60865.38580600071,0.0
87,0,0.0,185.9180891434691,0.0,129458.02678626844,0.0
88,0,0.0,389.50331337239766,0.0,24140.612557477692,0.0
89,0,0.0,76.91774902377698,0.0,139076.53506115495,0.0
90,0,0.0,418.05136365746966,0.0,55131.09683066563,0.0
91,0,0.0,168.89853004568047,0.0,34246.109178415405,0.0
92,0,0.0,106.91119680646442,0.0,113551.17348844705,0.0
93,0,0.0,342.29124733829866,0.0,2178.9613399860427,0.0
94,0,0.0,11.734842757829849,0.0,161219.57907074827,0.0
95,0,0.0,483.7726497222666,64.61409709120576,0.0,0.0
96,0,0.0,2.740298307853462,0.0,131504.18794519233,0.0
97,0,0.0,395.57638728229244,0.0,51316.847263067146,0.0
98,0,0.0,157.57771133412206,0.0,142786.3148399474,0.0
99,0,0.0,429.0621125849337,0.0,187420.21606924114,0.0
